<?xml version="1.0"?>
<opencv_storage>
<calibration_Time>"Sat 01 Jun 2013 03:57:00 PM EDT"</calibration_Time>
<nrOfFrames>49</nrOfFrames>
<image_Width>1024</image_Width>
<image_Height>768</image_Height>
<board_Width>9</board_Width>
<board_Height>6</board_Height>
<square_Size>50.</square_Size>
<FixAspectRatio>1.</FixAspectRatio>
<!-- flags:  +fix_aspectRatio +fix_principal_point +zero_tangent_dist -->
<flagValue>14</flagValue>
<Camera_Matrix type_id="opencv-matrix">
  <rows>3</rows>
  <cols>3</cols>
  <dt>d</dt>
  <data>
    8.1999041286087140e+02 0. 5.1150000000000000e+02 0.
    8.1999041286087140e+02 3.8350000000000000e+02 0. 0. 1.</data></Camera_Matrix>
<Distortion_Coefficients type_id="opencv-matrix">
  <rows>5</rows>
  <cols>1</cols>
  <dt>d</dt>
  <data>
    -3.8092851682730261e-01 2.6987102010509012e-01 0. 0.
    -1.2248394979815531e-01</data></Distortion_Coefficients>
<Avg_Reprojection_Error>1.4160934525841840e+00</Avg_Reprojection_Error>
<Per_View_Reprojection_Errors type_id="opencv-matrix">
  <rows>49</rows>
  <cols>1</cols>
  <dt>f</dt>
  <data>
    2.73119777e-01 1.38682917e-01 1.71960354e-01 2.13137388e-01
    2.04013228e-01 1.41655773e-01 1.36005342e-01 1.48650393e-01
    1.66020527e-01 1.57055646e-01 1.48584738e-01 4.26536590e-01
    4.23409015e-01 1.65358484e-01 1.66382313e-01 3.81611168e-01
    3.66216838e-01 1.71141908e-01 2.01600417e-01 1.89193025e-01
    1.28572747e-01 1.27958223e-01 3.99924695e-01 3.94640476e-01
    3.79129589e-01 3.89262438e-01 1.33988768e-01 1.33638218e-01
    1.68506727e-01 1.59660578e-01 1.86015725e-01 1.98185623e-01
    1.17718019e-01 1.09480411e-01 8.72490525e-01 1.85672176e+00
    1.44592404e-01 1.19259882e+00 1.46044409e+00 4.46858019e-01
    1.27184808e+00 2.03760433e+00 1.91785657e+00 5.30099010e+00
    4.97696304e+00 3.44728041e+00 1.02036202e+00 2.20380235e+00
    2.86286592e+00</data></Per_View_Reprojection_Errors>
<!-- a set of 6-tuples (rotation vector + translation vector) for each view -->
<Extrinsic_Parameters type_id="opencv-matrix">
  <rows>49</rows>
  <cols>6</cols>
  <dt>d</dt>
  <data>
    -6.2400547822034455e-02 -4.8883981316575148e-02
    5.2211581041853694e-02 -8.6545307124630199e+02
    -1.9623101900546817e+02 1.2464241822738993e+03
    -3.0487191701456286e-02 2.2142532247679822e-01
    3.1036699992687648e-02 -6.8858389356121066e+01
    -2.4632827219638452e+02 1.7449772978527812e+03
    -3.2691785276985248e-02 2.2712446504089459e-01
    3.4784743965129761e-02 -6.2815870512974065e+01
    -2.4960405905522600e+02 1.7503643051874460e+03
    -7.1672655990500950e-03 1.7805620403617070e-01
    9.2225090033652826e-02 -4.0545602261525040e+01
    -7.2794594056657752e+02 1.7917542535868022e+03
    3.4906414609092535e-03 1.7961248324024670e-01 8.9542202935405629e-02
    -4.0349186969880364e+01 -7.2696826952673143e+02
    1.7929035796063936e+03 -4.3349744493913552e-02
    -5.2337630739268293e-01 2.4579350817679893e-01
    -9.7371394968166680e+02 -5.9287135625562193e+01
    1.5737928071531899e+03 -3.6441394121201238e-02
    -5.2386581569305546e-01 2.4598433876087419e-01
    -9.7041405818561338e+02 -5.2303594012790640e+01
    1.5709561747684786e+03 -1.4153263573044525e-01
    3.5889384344280334e-01 -3.9591859177451422e-02
    -2.6556326907997012e+00 7.1168694851382227e+01
    1.7804058301714053e+03 -1.4303419818222829e-01
    3.5434457439625244e-01 -3.7009630372441239e-02
    8.2975517309834323e-01 6.9803340883938645e+01 1.7732226511403542e+03
    2.3900452923517407e-02 -5.3472598317120645e-02
    3.1759219577710184e-02 -3.0035433491630141e+02
    -2.5409226269952720e+02 1.7241537374185320e+03
    2.5533177625479291e-02 -4.8984225800972905e-02
    3.2080171025332151e-02 -3.0365455112470215e+02
    -2.5368752843957350e+02 1.7196553051472440e+03
    -5.5220268343683036e-02 5.3661154417482781e-01
    2.0726165089756207e-02 -1.2936446606924039e+02
    -1.7082488473160589e+02 1.0607363776982097e+03
    -5.4814757091013890e-02 5.3542984896192469e-01
    1.9765042075774366e-02 -1.3377302118925769e+02
    -1.7167423257178902e+02 1.0691807863024262e+03
    -5.2106100427810921e-03 -5.1248040736226619e-01
    6.2804341329894653e-02 -6.3919312261121070e+02
    -1.9820376847404759e+02 9.8616421285895501e+02
    -8.6679183519708033e-03 -5.0913493745767380e-01
    6.3128418515623647e-02 -6.4069269886459347e+02
    -1.9947556769021136e+02 9.8719407489936987e+02
    1.3375662088738204e-02 8.8607840588834239e-02 6.5710721805694164e-02
    -3.6491395496537173e+01 -4.3836727442869284e+02
    2.6525389380384286e+03 1.1521514603675077e-02 8.8544906637819401e-02
    7.0263084883161173e-02 -2.9489408588676191e+01
    -4.4206790850933510e+02 2.6623247126217252e+03
    2.0638311438359594e-04 3.4096188007496625e-01 2.9128611264353236e-02
    6.3548695622894081e+02 -4.2855831503334610e+02
    2.5509617473247413e+03 5.3360458844017682e-03
    -7.1527842859948579e-02 5.9359961126565983e-02
    -8.8161263265596313e+02 -4.3675834128317746e+02
    2.1790825739483694e+03 2.6416418057142649e-02
    -9.0148273950347330e-02 6.0622424376655465e-02
    -8.8149494118895120e+02 -4.3256608124298452e+02
    2.1662583848333761e+03 3.8728163762141513e-02
    -5.0499676794414516e-01 1.1833209832491783e-01
    -1.1789325082548182e+03 -4.1474110134768500e+02
    1.9669871760911417e+03 3.9047396062163786e-02
    -5.0319493358142131e-01 1.1962326815072399e-01
    -1.1836019145571863e+03 -4.1519250043406777e+02
    1.9648830316472192e+03 -1.1376674905650229e-01
    -3.0443887451814872e-01 1.0373785496226870e-01
    -1.1115753025580257e+03 -9.3229790341194735e+02
    2.0139277887519415e+03 -1.1675277794693095e-01
    -3.0604653609173033e-01 1.0357998590061394e-01
    -1.1130027314548829e+03 -9.3203114744392622e+02
    2.0162954331429587e+03 -1.1409080959358725e-01
    -3.0613580275495689e-01 1.0303579323298127e-01
    -1.1138223173977683e+03 -9.3055633965362301e+02
    2.0171023403700087e+03 -1.0703659703104444e-01
    -3.0278867474431775e-01 1.0416917827495907e-01
    -1.1137147220247784e+03 -9.2877319364945640e+02
    2.0178752272924314e+03 -1.2396921198807355e-01
    -3.4009276062831484e-01 3.3393000171148567e-02
    -1.0970414675741231e+03 3.9958292522943123e+02
    1.9445096450811409e+03 -1.2782240589928609e-01
    -3.4233042527073743e-01 3.1311032176691206e-02
    -1.0956592993500888e+03 3.9513055685170764e+02
    1.9387888151488444e+03 -1.3343324240111412e-01
    2.4896627363070570e-01 3.0374313069781739e-05
    -9.4216899228545825e-01 3.8014816322546187e+02
    2.0040330971381363e+03 -1.3485042917675882e-01
    2.5019822734378117e-01 3.0808725880742461e-03 5.5240854919756299e-01
    3.7876882196852085e+02 2.0031310872290667e+03 1.3114463527602244e-01
    2.1756876406034267e-01 7.2256786599369724e-02 4.9050314052469439e+01
    -7.7676080230477817e+02 2.0858549399314488e+03
    1.3313039590705750e-01 2.1519550511760166e-01 7.2948879602471900e-02
    5.0431434212436699e+01 -7.7794130837330658e+02
    2.0880352234258453e+03 2.1150339017354938e-02
    -7.6908912612806163e-02 8.3052492897603941e-02
    -4.3402668797207326e+02 -3.6260745167616886e+02
    2.0304700319186534e+03 2.0061413129477065e-02
    -7.8484774425538320e-02 8.4336195931368568e-02
    -4.3280032821312255e+02 -3.6424577236535561e+02
    2.0277825051526820e+03 -6.9015684317764614e-02
    -6.7317687512682176e-02 8.0733603436930881e-02
    -2.5533012493368122e+02 -3.7786425332593620e+02
    2.9519516354195275e+03 -1.1003572110163645e-01
    -4.6710597770727356e-02 8.7192382666275867e-02
    -2.5706706895279677e+02 -3.8689281745799690e+02
    2.9687900635310993e+03 4.6783602090078985e-01
    -5.2285513268550902e-02 7.4757695311290340e-02
    -3.1450482583121618e+02 -2.6794265145183732e+02
    2.3072113497813170e+03 -6.5947950684263540e-02
    6.7788377918252973e-01 -7.3462491090932891e-02
    7.3273356918568652e+01 -2.2223159480202810e+02
    2.4463213872417396e+03 -6.8536840446603867e-02
    6.8170263247249996e-01 -7.5351945847403526e-02
