<?xml version="1.0"?>
<opencv_storage>
<calibration_Time>"Wed 01 Feb 2017 08:06:00 PM EST"</calibration_Time>
<nrOfFrames>25</nrOfFrames>
<image_Width>640</image_Width>
<image_Height>480</image_Height>
<board_Width>8</board_Width>
<board_Height>6</board_Height>
<square_Size>24.</square_Size>
<FixAspectRatio>1.</FixAspectRatio>
<!-- flags:  +fix_aspectRatio +fix_principal_point +zero_tangent_dist -->
<flagValue>14</flagValue>
<Camera_Matrix type_id="opencv-matrix">
  <rows>3</rows>
  <cols>3</cols>
  <dt>d</dt>
  <data>
    6.1585339681485141e+02 0. 3.1950000000000000e+02 0.
    6.1585339681485141e+02 2.3950000000000000e+02 0. 0. 1.</data></Camera_Matrix>
<Distortion_Coefficients type_id="opencv-matrix">
  <rows>5</rows>
  <cols>1</cols>
  <dt>d</dt>
  <data>
    1.9437869455934911e-02 8.3380766855740263e-01 0. 0.
    -3.3721483666234424e+00</data></Distortion_Coefficients>
<Avg_Reprojection_Error>1.1681072372712347e+00</Avg_Reprojection_Error>
<Per_View_Reprojection_Errors type_id="opencv-matrix">
  <rows>25</rows>
  <cols>1</cols>
  <dt>f</dt>
  <data>
    2.43512541e-01 2.49350846e-01 3.26517999e-01 4.00696278e-01
    4.36550528e-01 3.97262841e-01 5.21364331e-01 1.91081369e+00
    3.67600393e+00 3.62765384e+00 6.25681460e-01 4.57583636e-01
    2.57450998e-01 2.95477003e-01 5.69160461e-01 5.42693973e-01
    4.10508364e-01 5.22930026e-01 2.79772252e-01 3.99304450e-01
    4.64898974e-01 3.37607950e-01 4.26576853e-01 3.04766268e-01
    3.48364204e-01</data></Per_View_Reprojection_Errors>
<!-- a set of 6-tuples (rotation vector + translation vector) for each view -->
<Extrinsic_Parameters type_id="opencv-matrix">
  <rows>25</rows>
  <cols>6</cols>
  <dt>d</dt>
  <data>
    1.2996662630634509e-01 -8.3463745865506186e-02
    1.0683381167530828e-01 -3.9087437404540808e+01
    -9.8006433957540807e+01 4.2419537763674100e+02
    1.1601181264040140e-01 -7.1407593160835406e-02
    1.2978130199385435e-01 -3.4049871384606007e+01
    -9.1999432296248443e+01 4.2593338798638035e+02
    1.2592152856597641e-01 -8.6398335839251744e-02
    1.4108109878046832e-01 -3.5054716205155295e+01
    -8.9634575998791533e+01 4.2259175770159254e+02
    1.4697238496758200e-01 -1.3354305636171485e-01
    1.3929557701976519e-01 -3.9171787625390493e+01
    -8.8712254223942693e+01 4.0821923373210785e+02
    1.8271059980982285e-01 -3.3073389631405897e-01
    1.4993570502436102e-01 -4.2594078943672933e+01
    -8.4200067938829520e+01 3.8964481132172295e+02
    1.8814691236312997e-01 -5.6122207899651033e-01
    1.3539242892803297e-01 -4.8553132890471424e+01
    -8.8920632246986770e+01 3.7374714308763271e+02
    1.9060843347404263e-01 -8.7414624734991597e-01
    1.0176349576609703e-01 -2.5555267561265847e+01
    -8.8770987866147593e+01 3.5470567490656299e+02
    2.0186023766854003e-01 -1.0042843877893146e+00
    9.0324036409526076e-02 -1.7455283247394345e+01
    -8.5298824097823953e+01 3.4829757416768314e+02
    2.0831963117843319e-01 -1.0774649298572754e+00
    8.5018672008512403e-02 -1.0872161307891517e+01
    -8.2963885067172058e+01 3.4573038683804651e+02
    2.0259096144780708e-01 -1.0883352332505181e+00
    9.6281889926705125e-02 -8.9553655337089690e+00
    -8.4227372147032241e+01 3.4456422658851648e+02
    1.7657365063589098e-01 -6.9584596063506432e-01
    2.7138811583692402e-01 -2.3556735139425513e+01
    -9.9838916257280644e+01 3.6348846041225022e+02
    1.3576508207705038e-01 -4.4086120991959554e-01
    3.9215952452693387e-01 -1.7356998065594052e+01
    -1.1490150900936209e+02 3.8501371056457793e+02
    1.1488541615157420e-01 -1.5931200694486966e-01
    3.6319472357674765e-01 -1.8642633342901572e+01
    -1.1808299512084528e+02 4.0536740435600376e+02
    9.0992590998088652e-02 4.9312064875068834e-03 2.8431566275716591e-01
    -1.9890161891313138e+01 -1.1544125903540400e+02
    4.0865007660027339e+02 1.2905940880927480e-01 1.6162539741841495e-01
    8.3352252669083374e-02 -2.8947206889962150e+01
    -9.4748996549541502e+01 4.0849453910880374e+02
    1.4108912935661372e-01 2.6765652377238552e-01
    -1.4568492978560041e-01 -3.6392677370201419e+01
    -5.9775909987531548e+01 4.1604582656539037e+02
    1.8519035934208700e-01 5.0369794561323067e-01
    -3.1584310786054293e-01 -2.8474850113436826e+01
    -2.5642266244384288e+01 4.3525164407134878e+02
    -1.7712156330234424e-01 4.6389659746600947e-01
    -1.2405040902793314e-01 -2.1099105055728756e+01
    -3.4190999277052697e+01 4.5391252723289654e+02
    -3.4901057030078020e-01 3.0307906338625346e-01
    -3.4856427249210452e-03 -2.1981108364218525e+01
    -3.8297533799040806e+01 4.5178444173546296e+02
    -6.0347136508373811e-01 1.5243835111919538e-01
    1.0819054951625709e-01 -2.8353709606545053e+01
    -5.3188951561326014e+01 4.6514058545799799e+02
    -6.7774231006758701e-01 3.1908132834398389e-02
    1.8640117061727265e-01 -3.4095624237488792e+01
    -5.5181523671915173e+01 4.5080931371358838e+02
    -7.9010937746297760e-01 -2.2020974798965143e-02
    2.0127177149115605e-01 -4.6170892291212731e+01
    -4.7285149771971888e+01 4.5753282159040043e+02
    -8.5491416957141442e-01 -7.1169425202597406e-02
    1.9967357005834263e-01 -6.0141521089323078e+01
    -6.9051503384511264e+01 4.5872331439137741e+02
    -6.7176154153655332e-01 -7.7876307369277878e-02
    1.9571555509234173e-01 -6.5135074606716813e+01
    -1.0585411831820129e+02 4.4631559201890479e+02
    -4.1028250086763168e-01 -7.6772511391085985e-02
    1.7773131799214315e-01 -7.2312036617584781e+01
    -1.5483704378139961e+02 4.2604592709608158e+02</data></Extrinsic_Parameters>
