/**
 * This file is part of the OpenVIDIA project at http://openvidia.sf.net
 * Copyright (C) 2004, James Fung
 *
 * OpenVIDIA is free software; you can redistribute it and/or modify
 * it under the terms of the GNU General Public License as published by
 * the Free Software Foundation; either version 2 of the License, or
 * (at your option) any later version.
 *
 * OpenVIDIA is distributed in the hope that it will be useful,
 * but WITHOUT ANY WARRANTY; without even the implied warranty of
 * MERCHANTABILITY or FITNESS FOR A PARTICULAR PURPOSE.  See the
 * GNU General Public License for more details.
 *
 * You should have received a copy of the GNU General Public License
 * along with OpenVIDIA; if not, write to the Free Software
 * Foundation, Inc., 59 Temple Place, Suite 330, Boston, MA  02111-1307  USA
 **/

///16x16 gaussian taps, greyscale

float taps[16*16] = {
    3.2420619e-04, 5.0214036e-04, 7.3060992e-04, 9.9862536e-04, 1.2822603e-03, 1.5467012e-03, 1.7526421e-03, 1.8656778e-03, 1.8656778e-03, 1.7526421e-03, 1.5467012e-03, 1.2822603e-03, 9.9862536e-04, 7.3060992e-04, 5.0214036e-04, 3.2420619e-04,
    5.0214036e-04, 7.7773021e-04, 1.1315908e-03, 1.5467012e-03, 1.9860037e-03, 2.3955777e-03, 2.7145452e-03, 2.8896183e-03, 2.8896183e-03, 2.7145452e-03, 2.3955777e-03, 1.9860037e-03, 1.5467012e-03, 1.1315908e-03, 7.7773021e-04, 5.0214036e-04,
    7.3060992e-04, 1.1315908e-03, 1.6464549e-03, 2.2504370e-03, 2.8896183e-03, 3.4855450e-03, 3.9496399e-03, 4.2043698e-03, 4.2043698e-03, 3.9496399e-03, 3.4855450e-03, 2.8896183e-03, 2.2504370e-03, 1.6464549e-03, 1.1315908e-03, 7.3060992e-04,
    9.9862536e-04, 1.5467012e-03, 2.2504370e-03, 3.0759826e-03, 3.9496399e-03, 4.7641751e-03, 5.3985177e-03, 5.7466921e-03, 5.7466921e-03, 5.3985177e-03, 4.7641751e-03, 3.9496399e-03, 3.0759826e-03, 2.2504370e-03, 1.5467012e-03, 9.9862536e-04,
    1.2822603e-03, 1.9860037e-03, 2.8896183e-03, 3.9496399e-03, 5.0714380e-03, 6.1173219e-03, 6.9318339e-03, 7.3788988e-03, 7.3788988e-03, 6.9318339e-03, 6.1173219e-03, 5.0714380e-03, 3.9496399e-03, 2.8896183e-03, 1.9860037e-03, 1.2822603e-03,
    1.5467012e-03, 2.3955777e-03, 3.4855450e-03, 4.7641751e-03, 6.1173219e-03, 7.3788988e-03, 8.3613877e-03, 8.9006509e-03, 8.9006509e-03, 8.3613877e-03, 7.3788988e-03, 6.1173219e-03, 4.7641751e-03, 3.4855450e-03, 2.3955777e-03, 1.5467012e-03,
    1.7526421e-03, 2.7145452e-03, 3.9496399e-03, 5.3985177e-03, 6.9318339e-03, 8.3613877e-03, 9.4746936e-03, 1.0085759e-02, 1.0085759e-02, 9.4746936e-03, 8.3613877e-03, 6.9318339e-03, 5.3985177e-03, 3.9496399e-03, 2.7145452e-03, 1.7526421e-03,
    1.8656778e-03, 2.8896183e-03, 4.2043698e-03, 5.7466921e-03, 7.3788988e-03, 8.9006509e-03, 1.0085759e-02, 1.0736234e-02, 1.0736234e-02, 1.0085759e-02, 8.9006509e-03, 7.3788988e-03, 5.7466921e-03, 4.2043698e-03, 2.8896183e-03, 1.8656778e-03,
    1.8656778e-03, 2.8896183e-03, 4.2043698e-03, 5.7466921e-03, 7.3788988e-03, 8.9006509e-03, 1.0085759e-02, 1.0736234e-02, 1.0736234e-02, 1.0085759e-02, 8.9006509e-03, 7.3788988e-03, 5.7466921e-03, 4.2043698e-03, 2.8896183e-03, 1.8656778e-03,
    1.7526421e-03, 2.7145452e-03, 3.9496399e-03, 5.3985177e-03, 6.9318339e-03, 8.3613877e-03, 9.4746936e-03, 1.0085759e-02, 1.0085759e-02, 9.4746936e-03, 8.3613877e-03, 6.9318339e-03, 5.3985177e-03, 3.9496399e-03, 2.7145452e-03, 1.7526421e-03,
    1.5467012e-03, 2.3955777e-03, 3.4855450e-03, 4.7641751e-03, 6.1173219e-03, 7.3788988e-03, 8.3613877e-03, 8.9006509e-03, 8.9006509e-03, 8.3613877e-03, 7.3788988e-03, 6.1173219e-03, 4.7641751e-03, 3.4855450e-03, 2.3955777e-03, 1.5467012e-03,
    1.2822603e-03, 1.9860037e-03, 2.8896183e-03, 3.9496399e-03, 5.0714380e-03, 6.1173219e-03, 6.9318339e-03, 7.3788988e-03, 7.3788988e-03, 6.9318339e-03, 6.1173219e-03, 5.0714380e-03, 3.9496399e-03, 2.8896183e-03, 1.9860037e-03, 1.2822603e-03,
    9.9862536e-04, 1.5467012e-03, 2.2504370e-03, 3.0759826e-03, 3.9496399e-03, 4.7641751e-03, 5.3985177e-03, 5.7466921e-03, 5.7466921e-03, 5.3985177e-03, 4.7641751e-03, 3.9496399e-03, 3.0759826e-03, 2.2504370e-03, 1.5467012e-03, 9.9862536e-04,
    7.3060992e-04, 1.1315908e-03, 1.6464549e-03, 2.2504370e-03, 2.8896183e-03, 3.4855450e-03, 3.9496399e-03, 4.2043698e-03, 4.2043698e-03, 3.9496399e-03, 3.4855450e-03, 2.8896183e-03, 2.2504370e-03, 1.6464549e-03, 1.1315908e-03, 7.3060992e-04,
    5.0214036e-04, 7.7773021e-04, 1.1315908e-03, 1.5467012e-03, 1.9860037e-03, 2.3955777e-03, 2.7145452e-03, 2.8896183e-03, 2.8896183e-03, 2.7145452e-03, 2.3955777e-03, 1.9860037e-03, 1.5467012e-03, 1.1315908e-03, 7.7773021e-04, 5.0214036e-04,
    3.2420619e-04, 5.0214036e-04, 7.3060992e-04, 9.9862536e-04, 1.2822603e-03, 1.5467012e-03, 1.7526421e-03, 1.8656778e-03, 1.8656778e-03, 1.7526421e-03, 1.5467012e-03, 1.2822603e-03, 9.9862536e-04, 7.3060992e-04, 5.0214036e-04, 3.2420619e-04
};
