image_width: 640
image_height: 480
camera_name: usb_cam
camera_matrix:
  rows: 3
  cols: 3
  data: [624.2313778656976, 0, 317.0167644477239, 0, 625.8578831345349, 241.7406582035894, 0, 0, 1]
distortion_model: plumb_bob
distortion_coefficients:
  rows: 1
  cols: 5
  data: [0.1035870589545331, -0.1947321637725106, 2.309248766927622e-05, 0.008070637336494027, 0]
rectification_matrix:
  rows: 3
  cols: 3
  data: [1, 0, 0, 0, 1, 0, 0, 0, 1]
projection_matrix:
  rows: 3
  cols: 4
  data: [631.9340209960938, 0, 320.4535072510771, 0, 0, 636.9362182617188, 241.2489106384164, 0, 0, 0, 1, 0]
