image_width: 640
image_height: 480
camera_name: usb_cam_left
camera_matrix:
  rows: 3
  cols: 3
  data: [833.532112, 0.000000, 352.183485, 0.000000, 837.763183, 264.724999, 0.000000, 0.000000, 1.000000]
distortion_model: plumb_bob
distortion_coefficients:
  rows: 1
  cols: 5
  data: [0.072489, 0.109291, 0.014877, 0.003510, 0.000000]
rectification_matrix:
  rows: 3
  cols: 3
  data: [1.000000, 0.000000, 0.000000, 0.000000, 1.000000, 0.000000, 0.000000, 0.000000, 1.000000]
projection_matrix:
  rows: 3
  cols: 4
  data: [854.000916, 0.000000, 352.016025, 0.000000, 0.000000, 852.680115, 268.505775, 0.000000, 0.000000, 0.000000, 1.000000, 0.000000]
