image_width: 640
image_height: 480
camera_name: cam/left
camera_matrix:
  rows: 3
  cols: 3
  data: [415.888456, 0.000000, 318.252082, 0.000000, 418.622854, 221.441228, 0.000000, 0.000000, 1.000000]
distortion_model: plumb_bob
distortion_coefficients:
  rows: 1
  cols: 5
  data: [0.034195, -0.054771, -0.004846, 0.001868, 0.000000]
rectification_matrix:
  rows: 3
  cols: 3
  data: [1.000000, 0.000000, 0.000000, 0.000000, 1.000000, 0.000000, 0.000000, 0.000000, 1.000000]
projection_matrix:
  rows: 3
  cols: 4
  data: [415.971832, 0.000000, 319.120149, 0.000000, 0.000000, 419.740875, 218.731267, 0.000000, 0.000000, 0.000000, 1.000000, 0.000000]
