image_width: 640
image_height: 480
camera_name: usb_cam_right
camera_matrix:
  rows: 3
  cols: 3
  data: [867.627466, 0.000000, 350.640209, 0.000000, 871.110736, 296.426138, 0.000000, 0.000000, 1.000000]
distortion_model: plumb_bob
distortion_coefficients:
  rows: 1
  cols: 5
  data: [0.159272, 0.042198, 0.030013, 0.013242, 0.000000]
rectification_matrix:
  rows: 3
  cols: 3
  data: [1.000000, 0.000000, 0.000000, 0.000000, 1.000000, 0.000000, 0.000000, 0.000000, 1.000000]
projection_matrix:
  rows: 3
  cols: 4
  data: [898.501953, 0.000000, 353.421972, 0.000000, 0.000000, 893.167542, 302.218675, 0.000000, 0.000000, 0.000000, 1.000000, 0.000000]