image_width: 640
image_height: 480
camera_name: usb_cam_center
camera_matrix:
  rows: 3
  cols: 3
  data: [632.669618, 0.000000, 309.950711, 0.000000, 636.320948, 248.322083, 0.000000, 0.000000, 1.000000]
distortion_model: plumb_bob
distortion_coefficients:
  rows: 1
  cols: 5
  data: [0.166100, -0.220931, 0.020491, -0.002593, 0.000000]
rectification_matrix:
  rows: 3
  cols: 3
  data: [1.000000, 0.000000, 0.000000, 0.000000, 1.000000, 0.000000, 0.000000, 0.000000, 1.000000]
projection_matrix:
  rows: 3
  cols: 4
  data: [659.954407, 0.000000, 308.186637, 0.000000, 0.000000, 655.057495, 255.545524, 0.000000, 0.000000, 0.000000, 1.000000, 0.000000]