%YAML:1.0
mapMatrix: !!opencv-matrix
   rows: 3
   cols: 3
   dt: d
   data: [ -3.0060963664190847e+00, -6.8967603165187636e+00,
       1.6491115028480451e+03, 3.4889630783859782e-01,
       -1.4604663788897929e+01, 2.9010394492828864e+03,
       4.5847083815848217e-04, -1.0485091534810987e-02, 1. ]
mPerPixel: 1.0050251256281407e-02
