image_width: 1024
image_height: 768
camera_name: stereo/left
camera_matrix:
  rows: 3
  cols: 3
  data: [849.637137, 0.000000, 523.457418, 0.000000, 854.138109, 391.742560, 0.000000, 0.000000, 1.000000]
distortion_model: plumb_bob
distortion_coefficients:
  rows: 1
  cols: 5
  data: [-0.349290, 0.137562, 0.000369, 0.001321, 0.000000]
rectification_matrix:
  rows: 3
  cols: 3
  data: [1, 0, 0, 0, 1, 0, 0, 0, 1]
projection_matrix:
  rows: 3
  cols: 4
  data: [731.449585, 0.000000, 528.777224, 0.000000, 0.000000, 788.989441, 392.805354, 0.000000, 0.000000, 0.000000, 1.000000, 0.000000]
  
