image_width: 1024
image_height: 768
camera_name: narrow_stereo
camera_matrix:
  rows: 3
  cols: 3
  data: [855.667983, 0, 540.964443, 0, 857.549007, 379.937876, 0, 0, 1]
distortion_model: plumb_bob
distortion_coefficients:
  rows: 1
  cols: 5
  data: [-0.341978, 0.116192, 0.002, -0.003063, 0]
rectification_matrix:
  rows: 3
  cols: 3
  data: [1, 0, 0, 0, 1, 0, 0, 0, 1]
projection_matrix:
  rows: 3
  cols: 4
  data: [670.770264, 0, 541.295478, 0, 0, 669.918091, 382.326281, 0, 0, 0, 1, 0]