image_width: 1024
image_height: 768
camera_name: narrow_stereo
camera_matrix:
  rows: 3
  cols: 3
  data: [839.3888899999999, 0, 502.889066, 0, 841.257249, 378.800837, 0, 0, 1]
distortion_model: plumb_bob
distortion_coefficients:
  rows: 1
  cols: 5
  data: [-0.342205, 0.129452, 0.003139, -0.001804, 0]
rectification_matrix:
  rows: 3
  cols: 3
  data: [1, 0, 0, 0, 1, 0, 0, 0, 1]
projection_matrix:
  rows: 3
  cols: 4
  data: [663.098389, 0, 496.456048, 0, 0, 662.148071, 382.841571, 0, 0, 0, 1, 0]